30101810300000000765
30101810000000000502
30101810900000000772
30101810745250000196
30101810145250000770
30101810100000000185
30101810000000000741
30101810000000000706
30101810100000000749
30101810700000000116
30101810400000000500
30101810700000000714
30101810000000000159
30101810545250000273
30101810100000000717
30101810100000000512
30101810745250000413
30101810945250000860
30101810700000000230
30101810445250000674
30101810845250000685
30101810000000000781
30101810945250000307
30101810200000000793
30101810000000000785
30101810300000000707
30101810500000000811
30101810800000000745
30101810445250000409
30101810900000000798
30101810945250000941
30101810900000000775
30101810950040000811
30101810800000000401
30101810400000000792
30101810500000000608
30101810200000000745
30101810445250000234
30101810200000000551
30101810500000000976
30101810500000000752
30101810300000000770
30101810645250000238
30101810700000000213
30101810745250000675
30101810900000000871
30101810645250000267
30101810445250000124
30101810245250000544
30101810200000000738
30101810200000000793
30101810600000000758
30101810400000000348
30101810145250000262
30101810345250000075
30101810245250000573
30101810045250000456
30101810100000000718
30101810200000000933
30101810145250000275
30101810700000000764
30101810645250000173
30101810045250000919
30101810445250000836
30101810345250000266
30101810345250000318
30101810645250000131
30101810845250000326
30101810300000000341
30101810700000000860
30101810200000000725
30101810300000000770
30101810300000000448
30101810500000000749
30101810100000000733
30101810200000000604
30101810800000000731
30101810000000000764
30101810350040000767
30101810800000000861
30101810100000000748
30101810000000000878
30101810100000000799
30101810900000000408
30101810200000000593
30101810500000000706
30101810300000000728
30101810600000000772
30101810200000000815
30101810600000000888
30101810500000000707
30101810545250000464
30101810800000000922
30101810800000000236
30101810400000000885
30101810500000000361
30101810645250000283
30101810845250000151
30101810745250000604
30101810545250000079
30101810064010000888
30101810035100000101
30101810845250000384
30101810550040000761
30101810345250000062
30101810200000000729
30101810100000000706
30101810700000000722
30101810700000000849
30101810600000000781
30101810500000000783
30101810622026311902
30101810600000000701
30101810835100000123
30101810000000000243
30101810200000000814
30101810100000000680
30101810645250000911
30101810100000000888
30101810400000000102
30101810640300000925
30101810900000000767
30101810900000000731
30101810945250000624
30101810200000000869
30101810900000000110
30101810600000000720
30101810300000000105
30101810236010000742
30101810900000000767
30101810300000000786
30101810045250000773
30101810900000000718
30101810600000000740
30101810500000000704
30101810800000000184
30101810900000000107
30101810245250000476
30101810200000000108
30101810100000000834
30101810945250000637
30101810100000000751
30101810445250000182
30101810445250000315
30101810045250000278
30101810545250000260
30101810145250000990
30101810945250000158
30101810245250000298
30101810000000000311
30101810565770000402
30101810300000000757
30101810845250000203
30101810200000000700
30101810545250000147
30101810200000000111
30101810645250000937
30101810105070000750
30101810100000000783
30101810845250000261
30101810145250000084
30101810045250000799
30101810545250000257
30101810567110000103
30101810400000000724
30101810300000000981
30101810600000000702
30101810200000000470
30101810545250000503
30101810400000000487
30101810205070000595
30101810900000000739
30101810500000000747
30101810800000000805
30101810500000000703
30101810900000000710
30101810145250000974
30101810600000000630
30101810000000000838
30101810800000000320
30101810445250000166
30101810275010000787
30101810600000000906
30101810300000000163
30101810200000000904
30101810100000000722
30101810600000000785
30101810900000000738
30101810650040000523
30101810945250000268
30101810400000000863
30101810900000000204
30101810445250000632
30101810245250000162
30101810800000000294
30101810500000000845
30101810700000000514
30101810745250000996
30101810200000000755
30101810400000000705
30101810200000000813
30101810000000000742
30101810200000000711
30101810345250000800
30101810045250000498
30101810500000000735
30101810900000000826
30101810000000000852
30101810000000000984
30101810600000000709
30101810300000000772
30101810600000000755
30101810400000000700
30101810400000000717
30101810245250000104
30101810000000000718
30101810700000000729
30101810400000000715
30101810545250000710
30101810100000000751
30101810100000000279
30101810845250000122
30101810000000000705
30101810800000000126
30101810945250000349
30101810645250000254
30101810500000000815
30101810800000000751
30101810522023601842
30101810100000000732
30101810800000000777
30101810345250000253
30101810145250000466
30101810700000000766
30101810300000000202
30101810545250000901
30101810800000000706
30101810700000000831
30101810045250000074
30101810100000000711
30101810145250000550
30101810800000000701
30101810522020000731
30101810045250000317
30101810645250000490
30103810845250000133
30103810000000000201
30103810545250000475
30101810000000000831
30103810663110000898
30101810545250000192
30101810100000000701
30101810300000000545
30101810000000000772
30101810011170000730
30101810100000000601
30101810500000000602
30101810900000000607
30101810145250000709
30101810798050000992
30101810900000000880
30101810900000000181
30101810400000000701
30101810300000000772
30101810300000000889
30101810700000000949
30101810245250000625
30101810700000000830
30101810100000000850
30101810445250000629
30101810600000000768
30101810700000000741
30101810400000000774
30101810000000000715
30101810800000000845
30101810383270000765
30101810545250000451
30101810145250000178
30101810200000000247
30101810600000000799
30101810300000000709
30101810700000000877
30101810345250000635
30101810100000000700
30101810700000000187
30101810345250000473
30101810200000000823
30101810100000000402
30101810600000000760
30101810545250000736
30101810200000000756
30101810000000000846
30101810345250000583
30101810845250000148
30101810045250000210
30101810200000000934
30101810980730000948
30101810300000000601
30101810800000000842
30101810745250000769
30101810200000000740
30101810014030000838
30101810800000000810
30101810100000000633
30101810700000000714
30101810300000000778
30101810500000000747
30101810900000000729
30101810400000000601
30101810400000000727
30101810500000000711
30101810400000000604
30101810300000000802
30101810805070000827
30101810600000000772
30101810000000000602
30101810500000000060
30101810900000000603
30101810900000000863
30101810800000000824
30101810900000000708
30101810600000000710
30101810700000000898
30101810800000000701
30101810100000000647
30101810900000000707
30101810900000000644
30101810700000000811
30101810400000000807
30101810300000000677
30101810100000000709
30103810200000000801
30101810800000000737
30101810400000000813
30101810000000000825
30127810945250000051
30101810300000000602
30101810000000000793
30101810600000000608
30101810700000000744
30101810205070000883
30101810700000000812
30101810700000000838
30101810600000000886
30101810300000000871
30101810845250000588
30101810322020000740
30101810660150000068
30101810700000000815
30101810800000000918
30101810965770000507
30101810300000000971
30101810665770000409
30101810765770000422
30103810400000000316
30101810565770000431
30101810000000000967
30101810400000000907
30101810600000000972
30101810500000000959
30101810500000000920
30101810865770000416
30101810865770000403
30101810800000000760
30101810800000000651
30101810900000000603
30101810300000000780
30101810000000000608
30101810300000000728
30101810645250000801
30101810500000000222
30101810300000000783
30101810700000000700
30101810725200000802
30101810300000000728
30101810700000000784
30101810991330000849
30101810100000000710
30101810500000000910
30101810100000000718
30101810000000000737
30101810500000000878
30101810600000000794
30101810700000000898
30101810100000000634
30101810100000000780
30101810100000000612
30101810100000000801
30101810400000000831
30101810100000000818
30101810300000000818
30101810600000000673
30101810345250000677
30101810645250000115
30101810900000000872
30101810745250000109
30101810645250000775
30101810200000000218
30101810300000000727
30101810900000000744
30101810445250000881
30101810200000000722
30101810945250000161
30101810545250000435
30101810545250000231
30101810645250000319
30101810045250000951
30101810445250000852
30101810845250000258
30101810845250000517
30101810600000000749
30101810545250000082
30101810845250000135
30101810145250000453
30101810145250000479
30101810500000000280
30101810645250000526
30101810600000000494
30101810322023601806
30101810845250000711
30101810900000000658
30101810045250000443
30101810800000000701
30101810800000000782
30101810900000000750
30101810300000000703
30101810200000000612
30101810645250000416
30101810800000000855
30101810600000000787
30101810000000000756
30101810500000000609
30101810471440000763
30101810400000000640
30101810900000000739
30101810078880000788
30101810200000000623
30101810600000000731
30101810700000000853
30101810700000000536
30101810300000000994
30101810003490000788
30101810300000000949
30101810400000000548
30101810600000000542
30103810800000000748
30101810900000000938
30101810900000000815
30101810400000000551
30101810300000000732
30101810403490000744
30101810500000000749
30101810100000000602
30101810300000000923
30101810000000000702
30101810800000000915
30103810200000000937
30101810000000000650
30101810800000000627
30101810300000000882
30101810645250000843
30101810000000000838
30101810500000000707
30101810900000000724
30101810100000000825
30101810800000000879
30101810100000000650
30101810700000000798
30101810700000000743
30101810300000000606
30101810500000000894
30101810800000000756
30101810800000000604
30101810000000000716
30101810400000000721
30101810500000000882
30101810945250000873
30101810145250000123
30101810800000000362
30101810500000000718
30101810945250000747
30101810900000000750
30101810100000000615
30101810545250000095
30101810045250000430
30101810245250000094
30101810945250000763
30101810500000000112
30101810645250000610
30101810845250000601
30101810745250000688
30101810045250000757
30101810745250000099
30101810345250000172
30101810745250000086
30101810845250000795
30101810445250000742
30101810145250000864
30101810945250000938
30101810045250000281
30101810345250000606
30101810645250000092
30101810545250000697
30101810945250000530
30101810945250000080
30101810845250000520
30101810945250000802
30101810645250000788
30101810045250000508
30101810645250000089
30101810645250000759
30101810645250000296
30101810945250000200
30101810045250000579
30101810045250000207
30101810945250000967
30101810545250000121
30101810945250000682
30101810845250000944
30101810245250000227
30101810600000000742
30101810300000000615
30101810445250000263
30101810245250000395
30111810000000000055
30111810990330000199
30101810540300000805
30101810898490000744
30101810400000000611
30101810000000000846
30101810822020000716
30101810400000000886
30101810300000000876
30101810622020000712
30101810800000000758
30101810500000000799
30101810922020000807
30101810322020000818
30101810300000000708
30101810900000000700
30101810300000000881
30101810100000000872
30101810600000000953
30103810300000000301
30103810345250000691
30103810345250000934
30103810845250000696
30103810000000000734
30103810545250000103
30103810052090000885
30103810300000000592
30103810745250000327
30103810305070000707
30103810145250000561
30103810845250000324
30103810445250000313
30103810345250000497
30105810345250000505
30105810900000000505
30103810700000000686
30101810945250000734
30103810345250000170
30101810500000000722
30101810000000000727
30101810100000000698
30101810900000000919
30101810400000000833
30101810700000000784
30103810950040000893
30101810950040000785
30101810950040000701
30101810050040000818
30101810750040000833
30101810950040000853
30101810600000000732
30101810050040000876
30101810800000000794
30101810100000000740
30101810550040000839
30101810250040000841
30101810550040000884
30101810760150000094
30101810000000000837
30101810600000000966
30101810445250000580
30101810700000000886
30101810900000000822
30103810200000000863
30101810152090000884
30101810900000000851
30101810900000000673
30101810200000000919
30101810400000000717
30101810145250000097
30101810383270000736
30101810545250000215
30101810445250000878
30101810845250000339
30101810445250000739
30101810845250000782
30101810400000000749
30101810000000000340
30101810100000000101
30101810760150000078
30101810922023601811
30101810600000000766
30101810245250000308
30101810600000000785
30101810200000000720
30101810000000000840
30101810500000000808
30101810700000000744
30101810500000000277
30103810900000000299
30103810445250000054
30101810900000000770
30101810345250000127
30101810000000000725
30101810545250000134
30101810600000000717
30101810145250000699
30101810445250000771
30103810145250000778
30101810107150000725
30101810660150000835
30101810622023601975
30101810045250000728
30101810945250000488
30101810100000000619
30101810245250000900
30101810900000000745
30101810845250000245
30101810000000000777
30101810900000000673
30101810400000000351
30101810345250000460
30101810400000000733
30101810600000000830
30101810900000000933
30101810500000000774
30101810300000000755
30101810834690000564
30101810500000000762
30101810000000000904
30101810645250000995
30101810645250000322
30101810300000000714
30101810900000000771
30101810145250000288
30101810845250000229
30101810250040000760
30101810900000000909
30101810028090000992
30101810303490000789
30101810800000000730
30101810945250000132
30101810378880000750
30101810545250000325
30101810445250000483
30101810100000000748
30101810900000000821
30101810500000000768
30101810100000000710
30101810600000000961
30101810000000000719
30101810945250000381
30101810045250000663
30101810400000000775
30101810600000000723
30101810045250000223
30101810345250000499
30101810600000000870
30101810945250000679
30101810845250000931
30101810760150000052
30101810045250000346
30101810845250000805
30101810045250000553
30101810000000000683
30101810200000000780
30101810100000000993
30101810145250000835
30101810045250000113
30101810950040000205
30101810145250000440
30101810045250000265
30101810200000000720
30101810100000000844
30101810845250000371
30103810345250000701
30103810245250000678
30103810040300000303
30103810900000000301
30103810450040000814
30103810100000000303
30103810545250000077
30103810445250000070
30103810945250000444
30101810945250000491
30103810822029400758
30103810845250000706
30103810845250000793
30103810400000000870
30101810000000000795
30101810000000000816
30101810300000000817
30103810400000000841
30101810600000000601
30101810700000000751
30101810000000000723
30101810600000000725
30101810300000000740
30101810300000000601
30101810600000000603
30101810300000000630
30101810000000000805
30101810100000000803
30101810240300000862
30101810500000000705
30101810500000000904
30101810900000000790
30101810800000000786
30101810100000000787
30101810400000000186
30101810245250000117
30101810200000000814
30101810900000000758
30101810900000000705
30101810000000000804
30101810800000000761
30101810845250000708
30101810271020000613
30101810300000000711
30101810500000000516
30101810800000000708
30101810700000000704
30101810500000000881
30101810300000000600
30101810745250000659
30101810600000000232
30101810400000000705
30101810200000000885
30101810400000000814
30101810300000000728
30101810278880000740
30101810745250000293
30101810945250000129
30101810245250000214
30101810400000000555
30101810945250000174
30101810945250000666
30101810422020000718
30101810800000000756
30101810300000000743
30101810500000000725
30101810500000000728
30101810928090000953
30101810765770000406
30101810400000000711
30101810400000000779
30101810700000000754
30101810000000000201
30101810300000000827
30101810300000000176
30101810800000000795
30101810900000000848
30101810800000000790
30101810045250000676
30101810000000000755
30101810467110000106
30101810200000000707
30101810100000000746
30101810600000000757
30101810300000000985
30101810000000000272
30101810200000000774
30101810700000000718
30101810300000000729
30101810045250000090
30101810445250000412
30101810700000000791
30101810905070000840
30101810400000000860
30101810900000000795
30101810100000000762
30101810222020000727
30101810900000000521
30101810522020000773
30101810545250000723
30101810000000000256
30101810400000000225
30101810200000000803
30101810500000000760
30101810900000000746
30101810100000000946
30101810600000000718
30101810500000000708
30101810000000000635
30101810800000000897
30101810600000000712
30101810300000000711
30101810400000000873
30101810700000000803
30101810300000000727
30101810800000000858
30101810400000000721
30103810124060000807
30101810200000000607
30101810300000000847
30101810700000000803
30101810500000000841
30101810400000000873
30101810222020000714
30101810400000000747
30101810200000000861
30101810405070000900
30101810205070000870
30101810500000000708
30101810600000000817
30101810900000000772
30101810858050000764
30101810300000000602
30101810507080000772
30101810508130000997
30101810335100000607
30103810045250000276
30103810100000000832
30103810982090000395
30103810245250000063
30101810045250000595
30101810800000000211
30101810900000000205
30101810860150000062
30101810760150000081
30101810860150000321
30101810460150000080
30101810600000000259
30101810760150000065
30101810860150000075
30101810660150000055
30101810645250000720
30101810900000000793
30101810800000000738
30101810600000000750
30101810200000000794
30101810500000000614
30101810440300000947
30101810900000000978
30101810800000000777
30101810400000000876
30101810422023601845
30103810400000000803
30101810222023601728
30101810722023601875
30101810100000000820
30101810900000000910
30101810200000000801
30103810600000000302
30101810100000000804
30101810200000000759
30101810100000000752
30101810300000000743
30101810900000000868
30101810700000000819
30101810440300000714
30101810500000000844
30101810300000000866
30101810800000000874
30101810100000000875
30101810900000000716
30101810700000000770
30101810900000000729
30101810900000000839
30101810600000000715
30101810040300000897
30101810100000000754
30101810500000000843
30101810663110000887
30101810500000000747
30101810100000000922
30101810500000000670
30101810300000000607
30101810500000000653
30101810100000000710
30101810900000000745
30101810440300000730
30101810700000000893
30101810100000000778
30101810000000000840
30101810007020000748
30101810100000000737
30101810500000000641
30101810500000000816
30101810250040000883
30101810300000000799
30101810350040000864
30101810101730000756
30101810650040407595
30101810100000000699
30101810000000000388
30101810835100000107
30111810800000000123
30101810500000000776
30101810600000000744
30101810000000000632
30101810300000000701
30101810900000000761
30101810700000000851
30101810340300000830
30101810440300000879
30101810400000000889
30101810000000000920
30101810200000000701
30101810100000000762
30101810500000000773
30101810400000000750
30101810500000000715
30101810607020000724
30101810207020000807
30101810907020000615
30101810700000000711
30101810500000000964
30101810700000000783
30101810100000000592
30101810165777100778
30101810100000000936
30101810600000000767
30101810800000000729
30101810935100000133
30101810600000000713
30101810800000000649
30101810400000000706
30101810700000000679
30101810600000000795
30101810700000000909
30101810800000000388
30101810300000000711
30101810500000000757
30101810800000000606
30101810845250000999
30101810103490000811
30101810400000000738
30101810100000000737
30101810400000000715
30101810300000000750
30101810600000000764
30101810300000000608
30101810500000000870
30101810870030000755
30101810800000000622
30101810765777100783
30101810500000000962
30101810100000000710
30101810400000000601
30101810200000000897
30101810500000000856
30101810922027300816
30101810000000000602
30101810500000000674
30101810500000000975
30101810000000000909
30101810100000000906
30101810100000000896
30101810000000000925
30101810165770000420
30101810200000000903
30101810718140000774
30101810480730000914
30101810980730000980
30101810180730000777
30101810780730000902
30101810280730000907
30101810887170000773
30101810945250000420
30101810445250000797
30101810927480000877
30101810465770000434
30101810200000000701
30101810445250000768
30101810750040000846
30101810600000000233
30101810300000000727
30101810200000000762
30101810540300000782
30101810500000000750
30101810340300000791
30101810100000000723
30101810975010000605
30101810100000000914
30101810460150000051
30101810500000000734
30101810060150000066
30101810200000000761
30101810145250000576
30101810700000000806
30101810700000000739
30101810100000000877
30101810105070000886
30101810400000000783
30101810200000000808
30101810000000000917
30101810700000000764
30101810200000000827
30101810600000000754
30101810700000000716
30101810365770000411
30101810220070000800
30101810500000000781
30101810100000000734
30101810800000000866
30101810700000000753
30101810400000000721
30101810800000000758
30101810200000000748
30101810300000000928
30101810840300000767
30101810700000000835
30101810500000000896
30101810200000000872
30101810350040000851
30101810200000000702
30101810765770000419
30101810908130000704
30101810465777100812
30101810600000000883
30101810045250000142
30101810245250000081
30101810400000000967
30101810822020000761
30101810400000000729
30101810200000000704
30101810640300000831
30101810000000000841
30101810100000000708
30101810800000000921
30101810900000000703
30101810800000000712
30101810700000000523
30101810300000000821
30101810500000000777
30101810000000000716
30101810200000000222
30101810700000000989
30101810608130000716
30101810375010000616
30101810900000000855
30101810500000000757
30101810400000000733
30101810465770000418
30101810145250000754
30101810700000000744
30101810100000000704
30101810280730000949
30101810045250000058
30101810700000000779
30101810800000000890
30101810300000000781
30101810400000000823
30101810508130000816
30101810700000000757
30101810364010000818
30101810965770000743
30101810365770000408
30101810100000000964
30101810400000000740
30101810480730000875
30101810750042520777
30101810425200000704
30101810000000000857
30101810200000000792
30101810222026311904
30101810500000000707
30101810500000000736
30101810800000000853
30101810500000000891
30101810300000000930
30101810045250000414
30101810045250000540
30101810845250000067
30101810145250000806
30101810345250000114
30101810345250000156
30101810045250000472
30101810945250000585
30101810745250000523
30101810200000000824
30101810022020000794
30101810122020000704
30101810350040000796
30101810600000000774
30101810150040000747
30101810450040000845
30101810365770000916
30101810000000000777
30101810300000000859
30101810900000000903
30101810800000000870
30101810500000000883
30101810100000000749
30101810940300000751
30101810400000000713
30101810922020000728
30103810345250000963
30101810560150000074
30101810500000000207
30101810300000000261
30101810660140000327
30101810300000000746
30101810500000000925
30101810722023601707
30101810600000000867
30101810600000000786
30101810600000000812
30101810440300000756
30101810840300000916
30101810400000000978
30101810860150000088
30101810500000000921
30101810500000000778
30101810500000000862
30101810800000000745
30101810357730000843
30101810000000000878
30101810000000000810
30101810640300000792
30101810940300000832
30101810707020000802
30101810600000000823
30101810850040000788
30101810000000000752
30101810300000000792
30101810300000000641
30101810165770000459
30101810700000000995
30101810765770000545
30101810780730000795
30101810800000000770
30101810400000000714
30101810600000000821
30101810145250000411
30101810150040000763
30101810200000000830
30101810900000000981
30101810135100000111
30101810160150000063
30101810400000000700
30101810245250000641
30101810000000000757
30101810705070000888
30101810900000000907
30101810600000000806
30101810800000000693
30101810100000000550
30101810440300000824
30101810800000000829
30101810245250000599
30101810000000000891
30101810600000000755
30101810140300000742
30101810007020000793
30101810000000000770
30101810845250000707
30101810900000000713
30101810800000000710
30101810445250000344
30101810845250000656
30101810940300000887
30101810260150000060
30101810245250000560
30101810800000000944
30101810300000000863
30101810400000000902
30101810045250000715
30101810100000000765
30101810100000000919
30101810100000000736
30101810100000000521
30101810750040000778
30101810800000000764
30101810100000000708
30101810600000000761
30101810100000000835
30101810400000000952
30101810200000000705
30101810900000000811
30101810200000000811
30101810000000000766
30101810300000000999
30101810100000000788
30101810400000000727
30101810200000000777
30101810200000000837
30101810100000000702
30101810900000000854
30101810150040000789
30101810600000000905
30101810345250000305
30101810000000000867
30101810603490000777
30101810600000000555
30101810022020000707
30101810300000000785
30101810007080000735
30101810200000000775
30101810500000000712
30101810600000000864
30101810000000000722
30101810900000000892
30101810900000000880
30101810771020000854
30101810905070000879
30101810900000000702
30101810100000000833
30101810250040000867
30101810083270000780
30101810245250000997
30101810400000000910
30101810864010000444
30101810450040000861
30101810400000000721
30101810300000000837
30101810445250000917
30101810340300000733
30101810203490000724
30101810560150000317
30101810240300000794
30101810100000000898
30101810300000000916
30101810700000000769
30101810245250000531
30101810280730000936
30101810165770000446
30101810400000000763
30101810400000000725
30101810800000000706
30101810600000000770
30101810245250000379
30101810900000000824
30101810600000000743
30101810400000000828
30101810660150000071
30101810300000000918
30101810300000000900
30101810540300000795
30101810745250000727
30101810730020000989
30101810900000000234
30101810200000000720
30101810122020000913
30101810800000000703
30101810945250000297
30101810400000000722
30101810560150000061
30101810160150000050
30101810703490000758
30101810708130000713
30101810545250000855
30101810450040000719
30101810422023601968
30101810165770000501
30101810345250000745
30101810240300000707
30101810100000000870
30101810122020000717
30101810400000000734
30101810500000000748
30101810700000000801
30101810900000000787
30101810460140000336
30101810700000000913
30101810652090000876
30101810200000000776
30101810850040000404
30101810900000000745
30101810800000000848
30101810400000000821
30101810100000000951
30101810000000000769
30101810245250000803
30101810700000000844
30101810375010000603
30101810300000000733
30101810800000000864
30103810300000000867
30101810000000000813
30101810108130000708
30101810600000000681
30101810145250000220
30101810345250000059
30101810400000000821
30101810200000000982
30103810575010000838
30101810700000000602
30101810600000000719
30101810396900000725
30101810400000000740
30101810300000000701
30101810500000000637
30101810600000000752
30101810300000000609
30101810000000000988
30101810400000000889
30101810600000000602
30101810100000000715
30101810460150000064
30101810900000000556
30101810160150000335
30101810300000000300
30101810400000000239
30101810600000000771
30101810200000000715
30101810400000000609
30101810900000000717
30101810300000000760
30101810478880000773
30101810500000000706