041012765
044525502
049205772
044525196
044525770
044525185
042511741
043209706
048327749
044525116
044525500
043807714
044525159
044525273
043002717
044525512
044525413
044525860
046015230
044525674
044525685
048702781
044525307
048723793
048717785
041909707
044525811
040173745
044525409
049205798
044525941
044959775
042520811
044525401
049202792
049514608
047908745
044525234
044525551
044525976
048952752
049805770
044525238
044525213
044525675
049401871
044525267
044525124
044525544
042406738
043207793
049033758
044525348
044525262
044525075
044525573
044525456
048405718
044525933
044525275
045773764
044525173
044525919
044525836
044525266
044525318
044525131
044525326
044525341
045354860
049706725
049205770
044525448
048952749
040173733
040173604
041012731
041012764
042520767
044030861
049240748
043601878
041806799
044525408
044525593
042520706
046359728
046311772
045004815
044106888
042007707
044525464
044525922
044525236
045354885
044525361
044525283
044525151
044525604
044525079
046401888
043510101
044525384
045004761
044525062
045853729
041708706
042202722
042520849
046577781
041403783
046311902
042908701
043510123
044525243
044030814
044525680
044525911
044030888
044525102
044030925
049209767
045279731
044525624
044030869
044525110
043207720
044525105
043601742
044525767
047888786
044525773
040349718
043209740
047908704
044525184
044525107
044525476
044525108
049133834
044525637
046311751
044525182
044525315
044525278
044525260
044525990
044525158
044525298
044525311
046577402
043304757
044525203
044525700
044525147
044525111
044525937
040507750
043678783
044525261
044525084
044525799
044525257
046711103
044030724
040349981
044030702
044525470
044525503
044525487
040507595
048073739
044030747
046510805
049205703
047003710
044525974
044525630
043678838
044525320
044525166
047501787
047501906
044525163
044525904
046311722
045279785
044525738
040407523
044525268
043601863
044525204
044525632
044525162
044525294
049133845
044525514
043469996
048209755
045773705
047308813
047169742
041203711
044525800
044525498
049304735
044030826
044030852
044525984
047144709
044030772
046850755
043678700
040396717
044525104
042406718
041203729
041203715
044525710
042282751
044525279
044525122
042406705
044525126
044525349
044525254
041814815
043469751
043601842
044525732
047169777
044525253
044525466
046311766
044525202
044525901
043601706
044525831
044525074
043304711
044525550
042406701
042202731
044525317
044525490
044525133
049205201
044525475
041806831
046311898
044525192
041403701
044525545
041117772
041117730
041117601
041203602
042520607
044525709
049805992
044525880
044525181
046126701
046401772
048860889
047516949
044525625
043735830
045004850
044525629
044705768
048327741
046577774
040349715
044030845
048327765
044525451
044525178
044525247
047501799
049805709
044030877
044525635
040813700
044525187
044525473
044525823
044525402
044030760
044525736
045773756
048073846
044525583
044525148
044525210
048073934
048073948
048073601
048073842
044525769
041403740
041403838
041403810
041403633
049923714
041012778
041501747
041501729
041501601
048142727
048142711
048142604
041403802
040507827
041708772
041708602
044525060
042202603
042202001
041806863
041806824
041806708
041806710
041806898
041806701
041806647
046032707
041909644
042007811
042007807
042007677
042007709
042007801
042007737
041806813
042265825
044525051
048405602
044525000
044537002
044587002
048209793
040507001
040813608
040813744
040507883
040813812
040813838
040813886
040507871
044525588
042202740
046015068
044525815
046577918
046577507
046577971
046577409
046577422
046577316
046577431
046577967
046577907
046577972
046577959
046577920
046577416
046577403
041909760
047102651
045773603
042406780
042406608
047888728
044525801
044525222
042618783
042520700
042520802
042520728
042520784
049133849
048327710
049205910
049205718
049205737
042748878
042748794
042748898
042748634
042908780
042908612
043002801
043002831
049133818
048602818
048602673
044525677
044525115
042520872
044525109
044525775
044525218
046401727
040708744
044525881
040349722
044525161
044525435
044525231
044525319
044525951
044525852
044525258
044525517
049706749
044525082
044525135
044525453
044525479
044525280
044525526
044525494
043601806
044525711
047102658
044525443
042748701
043207782
043207750
043207703
043207612
044525416
044102855
043304787
043304756
043304609
047144763
048702640
048702739
047888788
043469623
043469731
040407853
040349536
040349994
040349788
040349949
040349548
040349542
040349748
040349938
040349815
040349551
040349732
040349744
040349749
040349602
040407923
040407702
040407915
040407937
040407650
040407627
044030882
044525843
040349838
043207707
045019724
043735825
043735879
043735650
043807798
043807743
043807606
042748894
044012000
044206756
044206604
044442716
048860721
048209882
044525873
044525123
044525362
046014718
044525747
048952750
048952615
044525095
044525430
044525094
044525763
044525112
044525610
044525601
044525688
044525757
044525099
044525172
044525086
044525795
044525742
044525864
044525938
044525281
044525606
044525092
044525697
044525530
044525080
044525520
044525802
044525788
044525508
044525089
044525759
044525296
044525200
044525579
044525207
044525967
044525121
044525682
044525944
044525227
044083000
044705742
044705615
044525263
044525395
040396055
049033199
044030805
049849744
047173611
042202846
042202716
042202886
042202876
042202712
042202758
042202799
042202807
042202818
042202708
042202700
042282881
042202872
046510953
044030301
044525691
044525934
044525696
048860734
044525103
045209885
043601592
044525327
040507707
044525561
044525324
044525313
044525497
044525505
044030505
040407686
044525646
044525170
044959722
044959727
044959698
040395919
040395833
045004784
045004893
045004785
045004701
045004818
045004833
045004853
045004732
045004876
045004794
045004740
045004839
045004841
045004884
046015094
045004837
040349966
044525580
045354886
045209822
045209863
045209884
045209851
045209673
049205919
044525717
044525097
048327736
044525215
044525878
044525339
044525739
044525782
047908749
044525340
044525101
046015078
043601811
044525766
044525308
049240785
043469720
042520840
044525808
046126744
044525277
044525299
044525054
043209770
044525127
041424725
044525134
040507717
044525699
044525771
044525778
040715725
046015835
043601975
044525728
044525488
044525619
044525900
049514745
044525245
044525777
044525673
044525351
044525460
044525733
040349830
046015933
049205774
046311755
043469564
042908762
044030904
044525995
044525322
043469714
040173771
044525288
044525229
045004760
040349909
042809992
040349789
047106730
044525132
047888750
044525325
044525483
042908748
043735821
046577768
043469710
046015961
048209719
044525381
044525663
048209775
049706723
044525223
044525499
044030870
044525679
044525931
046015052
044525346
044525805
044525553
044525683
043207780
046577993
044525835
044525113
047601205
044525440
044525265
049514720
049205844
044525371
044525701
044525678
044030303
044705301
045004814
044525303
044525077
044525070
044525444
044525491
049401758
044525706
044525793
048209870
049205795
044501002
045354816
045354817
045354841
045354601
045402751
045402723
045402725
045402740
045402601
049205603
044583001
044599000
047719001
041117001
041203001
040173001
041403001
049923001
041012001
041501001
041708001
041806001
041909001
042007001
042406001
042520001
042748001
042908001
043207001
043304001
043469001
040407001
043735001
043807001
044106001
044206001
044442001
048860630
044705001
044959001
045209001
045402001
045354001
045655001
045773001
043002001
045805001
043510001
046015001
046126001
043601001
046311001
046711001
046614001
040702001
046850001
042809001
046902001
047003001
047102001
047308001
040813001
047501001
047601001
046401001
047888001
048327001
049133001
049033001
047908001
048405001
048073001
048142001
048209001
042618001
048580001
048602001
048702001
048860001
048952001
049805001
049205001
049304001
049514001
049401001
049690001
049706001
049205805
049240803
044030862
044030705
046577904
044030790
041909786
044525787
044525186
044525117
049401814
044030758
040507705
046015804
046015761
044525708
047102613
043002711
040349516
043807708
044206704
046577881
044525600
044525659
044525232
042202705
044030885
045354814
043304728
047888740
044525293
044525129
044525214
044525555
044525174
044525666
042202718
046577756
043469743
047003725
046902728
042809953
046577406
047501711
047501779
044030754
044525201
045339827
044525176
040507795
044525848
045773790
044525676
044030755
046711106
045655707
048602746
044030757
044525985
044525272
045853774
041012718
048952729
044525090
044525412
041806791
040507840
046015860
046577795
046015762
042202727
044525521
042202773
044525723
044525256
044525225
040507803
040702760
044959746
046013946
045655718
045655708
045655635
045773897
045773712
045773711
045773873
045773803
044030727
044030858
048602721
042406807
043601607
042202847
042202803
042202841
042202873
042202714
042202747
040507861
040507900
040507870
046126708
044106817
045805772
045805764
045805602
040012002
046709002
040041002
049627002
049628002
040037002
040001002
040002002
049631002
049626002
040047002
049629002
040004002
040031002
040021002
043081002
043512002
045385002
042780002
043683002
045801002
046380002
047681002
042980002
048140002
040703002
046080002
044680002
044588002
042880002
044582002
044782002
042534002
042581002
045081002
047980002
040582002
049082002
047582002
044593002
048880002
044681002
045386002
042784002
046580002
047686002
041480002
041126002
041081002
046576002
048270002
046382002
045080002
042080002
044080002
048080002
044780002
040587002
041122002
044584002
046482002
046489002
044715002
041980002
044783002
044785002
042299002
047583002
040881002
040583002
043380002
044594002
041580002
040486002
040884002
044781002
040394002
044125002
046579002
040886002
048182002
040885002
041236002
044784002
040397002
041280002
044674002
040181002
044697002
043083002
040708772
040813997
049853000
049202000
040304000
044708000
049003000
040306000
046359000
048086000
040147000
047728000
042013000
044906000
042511000
047503000
045318000
040701000
045306000
045853000
041908000
043021000
046032000
041856000
048718000
044109000
042265000
044102000
040393000
049208000
047520000
044651000
040715000
044671000
040825000
049240000
044661000
041106000
045019000
046404000
047512000
047726000
046910000
047106000
049820000
044119000
045794000
047516000
043015000
040401000
041814000
044703000
047186000
041125000
040510000
049849000
047173000
047169000
049246000
046510000
043209000
040395000
045330000
047195000
040495000
045339000
043009000
043004000
045279000
048708000
041102000
049209000
040708000
040155000
047182000
048149000
046521000
043014000
042727000
040816000
042282000
045795000
048606000
040396000
041424000
048082000
047144000
046013000
042508000
040361000
048337000
043011000
043010000
047117000
043678000
048047000
041013000
048723000
040508000
049876000
044457000
048717000
047162000
046423000
045763000
041946000
046014000
047749000
044469000
043510607
044525276
045004832
048209395
044525063
044525595
046015211
046015205
046015062
046015081
046015321
046015080
046015259
046015065
046015075
046015055
044525720
046126793
046126738
046126750
046126794
046126614
044030947
043601978
043601777
043601876
043601845
043601803
043601728
043601875
044030820
044030910
044030801
044030302
044030804
044030759
044030752
044030743
044030868
044030819
044030714
044030844
044030866
044030874
044030875
044030716
044030770
044030729
044030839
044030715
044030897
048952754
046311843
046311887
046401747
046577922
047888670
044442607
044030001
044030653
044030710
044030745
044030730
044030893
044030778
049133840
040702748
049033737
045004641
045004816
045004883
045004799
045004864
040173756
040407595
040407699
040407388
045004001
043510107
044501123
046614776
046614744
046614632
043601701
044030761
044030851
044030830
044030879
043601889
044030920
040702701
040702762
040702773
040702750
040702715
040702724
040702807
040702615
041424711
047144964
044030783
040407592
047144778
040396936
048702767
048702729
043510133
046850713
046850649
049205706
042809679
042809795
042809909
044525388
046902711
046902757
046902606
044525999
040349811
049304738
049304737
047003715
047003750
047003764
047003608
047102870
047003755
047102622
047102783
047106962
049401710
049401601
047308897
047308856
047308816
047308602
046577674
046577975
046577909
046577906
046577896
046577925
046577420
046577903
046577001
041814774
048073914
048073980
048073777
048073902
048073907
048717773
044525420
044525797
042748877
046577434
041102701
044525768
045004846
046015233
043601727
044030762
044030782
044030750
044030791
044030723
047501605
044030914
046015051
044030734
046015066
041708761
044525576
044030806
041946739
040407877
040507886
045004783
045773808
043601917
042202764
044030827
040702754
047003716
046577411
042007800
040349781
049205734
042748866
047195753
047144721
046902758
043207748
048073928
044030767
044030835
042202896
043601872
045004851
049205702
046577419
040813704
047162812
044030883
044525142
044525081
046015967
042202761
044106729
044030704
044030831
040349841
045004708
046577921
044030703
045655712
040349523
042202821
045004777
045655716
046015222
043678989
040813716
047501616
044030855
040173757
041012733
046577418
044525754
048142744
045402704
048073949
044525058
041708779
041856890
041909781
042007823
040813816
040813757
046401818
046577743
046577408
046577964
049401740
048073875
042520777
042520704
042748857
043304792
046311904
040349707
040349736
043735853
045794891
047512930
044525414
044525540
044525067
044525806
044525114
044525156
044525472
044525585
044525523
042202824
042202794
042202704
045004796
045004774
045004747
045004845
046577916
045209777
045209859
042809903
045354870
045773883
044030749
044030751
043678713
042282728
044525963
046015074
046015207
046015261
046014327
046126746
043601925
043601707
044030867
044030786
044030812
044030756
044030916
046577978
046015088
042809921
042007778
040407862
042202745
045773843
044030878
044030810
044030792
044030832
040702802
046521823
045004788
040702752
047003792
047106641
046577459
046577995
046577545
048073795
040813770
040813714
048209821
044525411
045004763
047501830
047501981
043510111
046015063
040349700
044525641
043207757
040507888
044030907
042202806
047102693
040349550
044030824
043601829
044525599
042202891
045805755
044030742
040702793
042908770
044206707
045773713
047888710
044525344
044525656
044030887
046015060
044525560
043678944
042202863
044030902
044525715
044030765
046577919
044030736
040349521
045004778
044030764
041117708
044959761
042007835
046577952
043304705
044705811
048602811
045805766
046015999
040702788
040813727
040407777
042202837
041806702
042282854
045004789
047308905
044525305
040507867
040349777
040407555
042202707
044030785
040708735
044030775
041203712
042202864
041909722
042748892
048209880
047102854
040507879
040395702
044030833
045004867
048327780
044525997
046577910
046401444
045004861
045773721
044030837
044525917
044030733
040349724
046015317
044030794
049202898
049205916
042007769
044525531
048073936
046577446
040702763
045004725
044030706
048073770
044525379
044705824
042282743
048602828
046015071
044030918
046577900
044030795
044525727
043002989
046015234
044030720
046311913
040702703
044525297
045805722
046015061
046015050
040349758
040813713
042007855
045004719
043601968
046577501
044525745
044030707
041806870
042202717
040702734
049033748
044536002
042748801
044030787
046014336
046015913
045209876
042520776
040407404
046401745
040813848
044030821
046577951
042520769
044525803
045209844
047501603
040813733
040813864
040813867
040813813
040813708
042007681
044525220
044525059
047501821
047501982
047501838
047501602
049690719
049690725
047601740
047601701
047601637
049706752
049706609
047501988
044030889
046015602
040349001
041806715
046015064
040349556
046015335
046015300
046015239
049805771
049805715
049805609
047888717
047888760
047888773
047888706